2.0 -0.1 3
90 4
5.501063381518929 5.973084555032443 -0.4815333432885316 4.710456137625002 3.4978553363030453 -4.902655468304009 -3.751852841279411 1.4085954317764848 1.2099816852669685 5.101953979468284 2.3471289621072753 -2.9449619930224884 0.3334237842442791 5.0369760620666355 0.021560014197651967 -0.5062271837214469 -2.592720109492423 5.213285149930911 -3.3419558994868543 -4.006273622081923 3.9535258535148223 -0.5258373863705126 1.9399172211628004 0.9361556997325255 5.694187380595855 -3.223430381830539 -2.7494839040061234 -2.6589986028760833 -0.40898380618723174 0.7380705214811663 -1.4622710667372312 0.7040883623340193 4.303339662438914 -0.3830929535640166 5.524071277142401 -2.3370265776691443 -2.0209093554208257 -1.7770050323717799 2.825247146230031 5.773872330818593 -1.917883452071484 0.5066393357064962 0.18761189014271995 -4.834488159014599 4.215694845742146 0.039535844156391775 -3.3288296474891386 -1.962113328556824 3.62777137451042 4.2891535134908345 2.189695482334023 -1.1051859025772695 -3.722223943211933 -4.507138965479375 2.3732751982089084 -3.961185221587564 0.007951187871056753 0.062190954408925414 -0.7589574698507979 5.215255298509945 4.493968948514494 -0.20960021208146262 -0.33692973936822757 5.3698301777237365 -1.7498029675426197 -1.3019876505910015 2.0503584350018 2.279366840397964 1.0343089593144503 3.1313121809437376 0.14056300788694198 2.330577024366912 0.5340209125986641 3.727756406587325 1.1445701481721464 -0.04521680302434383 4.225571438377759 1.0800767677869691 -0.11476403966518234 -0.8212053834466113 -3.230848069842084 0.3673419453541271 2.894565925001948 -2.5769959166762257 2.250823365279147 -0.1234599635537581 -4.260674016181297 0.06742840729099431 5.993546112572059 -4.787747895487263 
-3.9393284985583286 1.3850692966621623 -3.515075854458975 3.05487400707078 0.45250394418364476 0.47732368889754717 -3.2823725852565846 -1.151039371014892 0.3198778179549033 1.767611124057399 5.865487257207887 -0.29651006571356375 -4.973203701595553 -1.0858729840620223 -3.5053852921773587 0.5886452500360886 -2.198194544552221 0.9485900054537733 -3.7320449829412743 -1.179922418870673 0.16307878690526306 2.7632309691281782 -1.4607574374541685 -2.3468613051751714 4.361325979108202 -1.6947213981922864 0.5254814245134398 4.0024422998579565 2.384222986395142 2.9782987150201468 3.9373734179635553 1.9359489613609586 -0.8737223452843045 -1.3769027141078611 2.6232999544234565 0.46262893656016385 -0.6711307114188417 4.031778997598512 -0.14139268819675782 4.181530971423318 -4.179059842954405 -4.764262629502254 -0.5326439857335227 -3.3593602882591562 3.5306029354348953 0.8324962137410975 -2.9716963724522354 -0.24672535500704923 2.6621811491102774 2.332744294198852 -4.0745465647978945 0.3378377850841148 0.2766307412280722 -5.014803763057676 -1.0407250134824293 -4.21362281671911 5.338914110818185 4.680713468677989 -0.3249662440874701 -0.9877428974195955 1.1124558385305647 2.452612263469933 -1.489618419781606 -0.7817639856819171 0.5742407562157119 3.678093211722043 -2.7765403341687436 5.607181134017069 -3.7798301661376956 -3.563926053492564 0.9026552714488432 -1.0292617523047223 0.3682231317962646 0.48491281598743297 5.19671519120804 3.116400487991724 -3.254177909330787 -3.8708710735453784 -1.8036974575659357 2.357097818886719 -4.205018278030158 1.7044165548832735 -3.3604427095566742 -2.2519888070109064 -2.272241926428864 -2.3841959608452923 -1.1614827964846932 1.4269173801366395 3.96817538155898 3.7898876789777174 
-0.02126727757041918 -2.61885482550108 3.2164859641695016 -3.9329450148955414 -1.225083710571508 0.8490427199968379 5.541678388607644 3.209380690712647 -0.4297713206156143 -1.4539476263543327 4.447005180523964 -1.096682061146708 2.9625732874683712 -0.5716806052715561 0.5827370608526022 4.89386069410692 -3.3146292607195056 2.519955839962839 3.9139429843073725 -1.063105510766318 1.0874768395346592 -3.290517575273792 -3.453521269430182 4.869147112210971 -3.138004836498986 5.845536821900619 3.106661287042117 -0.7457521132165104 0.10793436432932849 -1.1311152995064606 -4.140340514567113 1.7047206576107856 1.7530040239742886 2.3730314359157214 -2.9446625118581515 -1.6306198103607528 0.7789209498059968 1.859766600355526 0.2627533478938212 -3.8159961518765924 -2.427559785681802 3.0487354812058554 -1.3042767599325096 0.31029487943686895 5.075907499244398 -2.088331316995599 -4.258179378216775 -4.265944880114707 1.2304657080249635 5.632159414756052 -1.9141036056005538 -3.741867134137873 1.4931377343433252 -0.5590849586659092 5.966662777305978 -0.890891926213065 -3.034162939219708 3.2441752498112097 -4.778906858493376 -0.921172563128535 -1.1000488724089847 0.14951174375914414 -3.1436417684849483 5.542800785225021 -4.965527228121423 2.3985042552392217 5.942719663957475 5.837116711213794 -4.611256830477107 4.839805320128593 0.6432726643202167 -3.6660647797364017 -4.237294264582576 1.918881729417602 -1.812366179910051 -2.8672368540502244 2.298157171696309 -1.7777561975458176 5.55663505188822 4.580616169377299 -2.9761862833880133 -3.1057510633476793 4.573791874722696 -3.1511791284438195 4.345103543577262 0.7435845546022549 -4.003221444601529 -4.472391795275995 -1.0535763807560385 -2.425685351063974 


0.06835331569729378
-1.3482045890524201
3.5491959037586933

-35.78665528232868
2.635956227161262
-37.25779055296449

-4.586656555371881
0.8578244165689233
5.234301481384268

-2.666462664025728
0.3832035838222465
4.752676308180888

